Account ID,Managed by
116107728,0018b00001weZLCAA2
116109124,0018b00001weZLCAA2
116115589,0018b00001weZLCAA2
116128760,0018b00001weZLCAA2
116128902,0018b00001weZLCAA2