Account ID,Managed by
127903586,0018b00001weZLCAA2
127903162,0018b00001weZLCAA2
127902664,0018b00001weZLCAA2
127872318,0018b00001weZLCAA2
