Account ID,Managed by
106852805,0010y00001YBpPQAA1
106878049,0010y00001YBpPQAA1
106877727,0010y00001YBpPQAA1
106717458,0010y00001YBpPQAA1
106849482,0010y00001YBpPQAA1
106848961,0010y00001YBpPQAA1
106791263,0010y00001YBpPQAA1
106848048,0010y00001YBpPQAA1
106848047,0010y00001YBpPQAA1
106847970,0010y00001YBpPQAA1
106847937,0010y00001YBpPQAA1
106847715,0010y00001YBpPQAA1
106847471,0010y00001YBpPQAA1
106944218,0010y00001YBpPQAA1
106793042,0010y00001YBpPQAA1
106942161,0010y00001YBpPQAA1
106737418,0010y00001YBpPQAA1
106672408,0010y00001YBpPQAA1
106918395,0010y00001YBpPQAA1
106647279,0010y00001YBpPQAA1
106737074,0010y00001YBpPQAA1
106916102,0010y00001YBpPQAA1
106901557,0010y00001YBpPQAA1
106675704,0010y00001YBpPQAA1
106675056,0010y00001YBpPQAA1
106790673,0010y00001YBpPQAA1
106674544,0010y00001YBpPQAA1
106940236,0010y00001YBpPQAA1
106915797,0010y00001YBpPQAA1
106901454,0010y00001YBpPQAA1
106901352,0010y00001YBpPQAA1
106727248,0010y00001YBpPQAA1
106725262,0010y00001YBpPQAA1
106844902,0010y00001YBpPQAA1
106824555,0010y00001YBpPQAA1
106728358,0010y00001YBpPQAA1
106915639,0010y00001YBpPQAA1
106901303,0010y00001YBpPQAA1
106880962,0010y00001YBpPQAA1
106909662,0010y00001YBpPQAA1
106727555,0010y00001YBpPQAA1
106900956,0010y00001YBpPQAA1
106900826,0010y00001YBpPQAA1
106884784,0010y00001YBpPQAA1
106879235,0010y00001YBpPQAA1
106878782,0010y00001YBpPQAA1
106671479,0010y00001YBpPQAA1
106737075,0010y00001YBpPQAA1
106671207,0010y00001YBpPQAA1
106925809,0010y00001YBpPQAA1
106925747,0010y00001YBpPQAA1
106925404,0010y00001YBpPQAA1
106925287,0010y00001YBpPQAA1
106915455,0010y00001YBpPQAA1
106901420,0010y00001YBpPQAA1
106880034,0010y00001YBpPQAA1
106879132,0010y00001YBpPQAA1
106878964,0010y00001YBpPQAA1
106901151,0010y00001YBpPQAA1
